2510	0,029916		17872	0,054171		6508	0,051140		6754	0,031830		17997928	0,071701		192	0,157511		92390	0,252449		15291487	2,572849		6214	0,326777		35072	1,554581		51900	1,778245		71164	1,992896		99342	2,259227		126210	2,509516		167024	2,790164		168352	2,782540		162412	2,792575		162798	2,802153		163012	2,786171		49812	1,376607		
2710	0,030969		16086	0,050322		6562	0,056399		6564	0,038454		17937024	0,070811		192	0,151307		92540	0,265018		15279817	2,558692		6248	0,327787		35234	1,523627		52230	1,758177		71820	1,994239		98758	2,243063		126368	2,498701		166672	2,790568		169148	2,992745		163418	2,905432		164364	2,816673		164756	2,791402		50004	1,361368		
2720	0,028940		17792	0,053594		6446	0,059123		6630	0,040848		17997928	0,072192		184	0,160425		93690	0,226326		15241283	2,552237		6200	0,298541		35246	1,721097		51928	1,767675		71604	1,990894		98864	2,254086		126664	2,501868		166984	2,791249		168964	2,782873		163146	2,788206		163952	2,790445		164568	2,788673		50128	1,366656		
2726	0,029006		16966	0,052668		6638	0,049506		6546	0,052873		17997928	0,068108		168	0,165815		93360	0,236839		15301748	2,553942		6182	0,334870		35288	1,553694		52286	1,756851		71288	2,030016		98540	2,433277		126966	2,492724		167354	2,781207		169404	2,779662		163098	2,784419		163934	2,790540		164250	2,784580		49998	1,369944		
2770	0,041353		19912	0,053764		6660	0,050660		6850	0,036581		17997928	0,069044		168	0,152733		92020	0,270076		15343846	2,546637		6240	0,333615		35388	1,552423		52162	1,764790		71498	1,999350		98568	2,259925		126370	2,504122		165964	2,802738		168744	2,874841		162482	2,978441		162860	2,809411		164510	2,789857		49908	1,379806		
2488	0,029944		17450	0,048629		6444	0,053507		6546	0,033192		17937024	0,066694		184	0,153670		92690	0,239895		15275115	2,538367		6248	0,305054		35410	1,528148		52182	1,765945		71806	2,000601		98598	2,421924		126362	2,506416		165692	2,799312		168938	2,798623		163020	2,802109		164136	2,803229		164506	2,796304		49980	1,367246		
2898	0,031916		17996	0,056962		6564	0,055814		6626	0,057359		17937024	0,066192		184	0,159959		92990	0,230043		15293617	2,537805		6180	0,326861		35202	1,736581		52088	1,763740		71466	1,994535		98834	2,249829		126338	2,501069		165922	2,783986		169192	2,785148		162950	2,782418		163214	2,780100		164308	2,789570		49874	1,365378		
2622	0,028847		16114	0,051904		6632	0,054996		6494	0,052826		17937024	0,068819		196	0,153185		91890	0,278500		15250995	2,557725		6202	0,333627		35012	1,540643		52340	1,774285		71560	1,989104		98442	2,250701		125916	2,499081		167052	2,790599		168202	2,783645		163168	2,782121		163632	2,787719		164458	2,958320		49874	1,376250		
2920	0,032490		14810	0,057071		6674	0,054398		6662	0,034318		17997928	0,067060		192	0,172631		92330	0,263469		15285475	2,549021		6204	0,345853		35348	1,538394		52232	1,760854		71280	1,999679		98426	2,253924		125812	2,504447		166422	2,797271		167822	2,796796		162114	2,783669		164182	2,782765		164868	2,787991		49614	1,372520		
2854	0,032942		17104	0,051816		6568	0,052818		6564	0,041687		17937024	0,086424		184	0,159762		92360	0,272936		15273282	2,534692		6236	0,324285		35322	1,554111		52142	1,775733		71638	1,999203		99168	2,256356		126268	2,505095		166266	2,956043		169126	2,788429		162660	2,783509		163890	2,792306		164240	2,780816		50064	1,364571		
2792	0,031428		18578	0,054180		6770	0,054851		6668	0,040228		17937024	0,064996		184	0,152464		93010	0,254474		15289259	2,570198		6190	0,296873		35260	1,559171		52468	1,770982		71302	2,009641		97778	2,251595		125974	2,509295		165502	2,881775		169158	2,953894		163038	2,794239		164546	2,795702		165226	2,793447		49774	1,366679		
2720	0,034103		18870	0,050140		6450	0,055205		6622	0,050793		19538726	0,065905		168	0,177399		92390	0,254109		15294807	2,554227		6212	0,344172		35318	1,561759		52160	1,771980		71540	2,218812		98954	2,429553		125952	2,702452		166376	2,789476		169102	2,788085		163430	2,790799		163542	2,793789		163736	2,781605		49714	1,385866		
2600	0,030491		17638	0,058032		6622	0,054754		6376	0,037510		17374134	0,063094		192	0,179382		92610	0,254959		15316350	2,585974		6180	0,314664		35190	1,547207		52042	1,775320		71664	2,020174		99044	2,304329		126674	2,528323		166376	2,803114		169342	2,792827		162848	2,797598		163660	2,795151		164588	2,797017		50022	1,365339		
2776	0,030350		19734	0,053559		6618	0,050279		6646	0,039230		17937024	0,077569		192	0,171655		93150	0,249038		15216174	2,539919		6188	0,304099		35462	1,541901		52140	1,772573		71588	2,162523		98772	2,453773		125430	2,664144		167432	2,796721		168694	2,798089		162356	2,784651		164354	2,796641		164154	2,782580		49896	1,368815		
2638	0,036264		15456	0,056724		6506	0,054533		6530	0,037203		17937024	0,071308		188	0,164795		94410	0,252089		15286229	2,556084		6238	0,301269		35162	1,543760		52320	1,778860		71114	1,997751		98934	2,248100		126522	2,502361		166470	2,781026		168172	2,783726		162114	2,943739		164262	3,202334		164814	2,794882		49668	1,511729		
2742	0,032766		15792	0,056397		6508	0,056259		6776	0,036264		17937024	0,064021		188	0,166119		93110	0,298457		15274900	2,542514		6260	0,320495		35310	1,554369		52370	1,757018		71256	1,992574		98726	2,273868		126152	2,515913		167014	2,794137		169018	2,790291		162798	2,804134		164142	2,791228		164208	2,791381		49996	1,365195		
2740	0,044389		18932	0,052326		6556	0,056281		6660	0,039208		18056618	0,084540		184	0,157446		93940	0,250268		15262477	2,532983		6214	0,334846		35278	1,535060		51946	1,784002		71156	1,993383		98870	2,246470		126296	2,509289		166806	2,982075		169504	2,951779		163450	2,792098		164000	2,795951		164162	2,798969		49886	1,370804		
2746	0,028922		16818	0,056594		6532	0,053243		6460	0,036163		17997928	0,064724		168	0,160882		92350	0,273238		15303484	2,535420		6186	0,328700		34952	1,542276		52174	1,757786		71250	1,994871		99096	2,266087		126354	2,496337		165974	2,784236		168542	2,780640		163214	2,781882		164748	2,782983		164168	2,941786		49854	1,369630		
2722	0,031749		16944	0,052195		6512	0,049416		6614	0,051371		17937024	0,067480		168	0,175657		92220	0,272124		15279823	2,538524		6194	0,308463		35104	1,561316		51708	1,798519		70972	2,166426		99092	2,453852		125738	2,672672		167224	2,801592		168330	2,796363		162086	2,788101		164852	2,794562		165028	2,789384		49848	1,366543		
2628	0,028739		17084	0,054021		6674	0,056035		6696	0,036842		17937024	0,069481		184	0,156627		93910	0,248823		15309807	2,577858		6184	0,306268		35028	1,560393		52436	1,764064		71880	2,000524		98454	2,260877		125978	2,518574		167512	2,804064		168560	2,810355		163410	2,826929		164038	2,825109		164588	2,805259		50094	1,378668		
