2786	0,020212		21940	0,020341		7304	0,027691		7064	0,023657		17997928	0,018546		188	0,128263		97320	0,101846		15345471	14,117195		6326	0,114806		35330	1,583839		52870	2,891810		71488	4,952527		100072	8,580439		126698	14,100541		167668	23,329382		169032	23,367928		163832	23,340134		164444	23,374098		166450	23,353022		50020	0,998578		
3088	0,017961		17418	0,020865		6700	0,027090		6842	0,024570		23423508	0,016877		184	0,127514		93490	0,110226		15368751	14,126729		6292	0,117736		35444	1,610586		52176	2,912134		73022	4,952537		100258	8,566841		126810	14,130213		167536	23,433262		169990	23,425186		164238	23,373657		165648	23,436617		165954	23,327255		50412	0,996197		
3470	0,019940		17164	0,020118		7190	0,025165		6618	0,023731		22780438	0,018980		188	0,130819		95090	0,123756		15334231	14,279719		6280	0,118524		36010	1,644146		52466	2,892093		71836	4,984929		99500	8,563841		126510	14,095154		167560	23,391829		170406	23,363705		165018	23,346313		165158	23,372295		164642	23,343136		49928	1,001132		
3014	0,017048		23714	0,019566		6884	0,025034		7138	0,023284		20265368	0,021057		188	0,143758		95320	0,113424		15342783	14,133781		6228	0,120014		35762	1,610501		52824	2,903774		72778	4,954868		99568	8,560564		127588	14,102080		168878	23,402447		170758	23,323929		164322	23,342442		164874	23,305775		165502	23,313278		49772	0,996898		
3028	0,026352		20778	0,021904		6838	0,025669		6898	0,024277		22744822	0,019314		192	0,130546		96770	0,109042		15281845	14,108808		6216	0,122858		35966	1,611128		52662	2,897260		72562	4,970777		99402	8,597427		127154	14,118332		167908	23,353317		170444	23,363823		164204	23,386723		165794	23,404018		166376	23,436308		50594	1,000864		
3284	0,030960		22012	0,020663		6730	0,025917		6702	0,024932		17937024	0,019080		196	0,140583		94750	0,113355		15317092	14,197882		6328	0,118828		35236	1,608792		52992	2,913549		72328	4,949000		100094	8,593559		126628	14,121271		168300	23,418007		169758	23,477394		164236	23,328268		165958	23,394079		165658	23,362871		49904	0,997841		
2830	0,018295		27538	0,019135		6816	0,026599		7048	0,025163		18266946	0,019134		196	0,132642		92910	0,117365		15280415	14,154635		6290	0,115362		35896	1,610564		52526	2,901560		72054	4,949898		100036	8,573277		127496	14,229902		167724	23,632685		169502	24,150879		165244	24,523199		165316	25,327967		165658	23,394384		50070	0,997645		
3042	0,023096		26048	0,018144		6904	0,025821		6580	0,024832		17997928	0,021089		200	0,140407		95580	0,114678		15359120	14,285172		6220	0,121451		35352	1,627098		52698	2,896368		72692	4,949936		100090	8,569321		127612	14,094563		167556	23,397358		170396	23,341232		163970	23,534651		164202	23,475130		167230	23,510900		50142	0,999696		
2890	0,025026		23658	0,021048		6892	0,025066		6856	0,024755		17937024	0,020905		200	0,136340		94380	0,108788		15271538	14,130089		6258	0,117370		35204	1,606017		53014	2,895411		72608	4,947952		99002	8,561890		127526	14,098043		167666	23,334637		171346	23,360661		164176	23,363543		165110	23,352699		165094	24,598736		49772	1,202321		
3024	0,021050		20966	0,020510		6698	0,025938		6880	0,024297		21229414	0,018428		204	0,127050		95100	0,119390		15377713	14,220346		6254	0,110442		35926	1,609544		52698	2,889868		72346	4,947662		99640	8,570974		127314	14,144914		168904	23,685638		169582	24,078796		163632	24,622061		166554	24,408304		165732	25,005226		49974	1,366559		
3246	0,018474		21508	0,019438		6624	0,027110		6940	0,023343		17937024	0,021451		200	0,136972		95550	0,108585		15361839	14,173826		6294	0,119670		35680	1,650362		52600	2,944308		72212	5,104179		100198	9,131166		126524	14,911842		168268	24,375628		169954	24,012709		164870	24,303850		165498	23,578543		166210	23,356670		50484	1,004886		
2652	0,028928		22648	0,020705		6918	0,028468		6516	0,024831		23381474	0,017978		192	0,131595		96060	0,111984		15301458	14,140146		6348	0,113536		35636	1,609952		52906	2,895658		72594	5,254108		100302	10,224524		127148	14,478633		167772	23,783146		170950	23,435886		164204	23,335781		164574	23,368599		165010	23,456421		49964	1,000122		
2638	0,025019		26718	0,019275		6736	0,026242		6848	0,024101		17937024	0,023016		192	0,133200		92890	0,116469		15358794	14,296379		6342	0,110200		35666	1,609965		52626	2,893756		72184	4,947118		101330	8,569799		126592	14,149616		169168	23,358000		169490	23,342163		164660	23,372454		165188	23,624731		164658	23,492502		50576	1,017237		
2920	0,020832		22802	0,019665		6524	0,027837		6942	0,024477		17997928	0,021406		208	0,125378		95540	0,119136		15352237	14,213776		6272	0,113871		35488	1,619158		52280	2,915805		71950	4,969283		99590	8,582578		126912	14,199331		167178	23,431833		169914	24,873974		164058	24,216557		164078	23,579477		165914	23,429514		50208	0,999640		
3068	0,019369		21356	0,018997		6784	0,026973		6912	0,025160		18056618	0,016104		192	0,124967		95020	0,119338		15355613	14,237360		6316	0,115075		35522	1,606811		52618	2,898535		72876	4,950038		99782	8,557319		127032	14,097296		167504	23,347265		170146	23,377962		164226	23,347164		165398	23,423485		166734	23,424465		49996	0,997391		
2868	0,023240		21518	0,020262		7172	0,025967		7016	0,023617		18128112	0,021806		200	0,134020		95280	0,118184		15360318	14,223922		6328	0,119227		35900	1,609686		52286	2,896240		71858	4,952361		99748	8,574721		127448	14,148616		167252	23,374836		170474	23,452763		163594	23,353640		165188	25,628868		166212	23,646780		50448	1,005604		
2874	0,020701		24134	0,018794		6718	0,026849		7110	0,024850		19364710	0,020655		196	0,141221		94860	0,111662		15355710	14,134095		6320	0,115525		35476	1,594743		52168	2,891052		71424	4,955734		100604	8,577573		127072	14,088842		168818	23,372061		169544	23,412149		165216	23,855391		166452	24,094471		165326	23,930391		50120	1,015978		
3102	0,024853		20554	0,022736		6702	0,026624		6920	0,025268		22324310	0,019177		216	0,137819		94480	0,110425		15322105	14,604562		6304	0,117347		35756	1,716762		52760	2,970039		72674	5,141655		99852	8,791391		127550	14,627779		166972	24,453558		169368	23,778952		164364	23,352142		165412	23,992153		165772	24,110052		49998	1,374487		
3168	0,024803		17572	0,021225		6840	0,030874		6954	0,027859		19538726	0,020919		200	0,152677		94410	0,128718		15392613	14,357307		6200	0,118673		36078	1,623326		52258	2,951617		72778	5,211502		99240	8,673530		127314	14,170238		167534	23,593369		171122	23,811787		164594	23,493263		166748	23,820984		165810	23,419737		50406	1,006341		
3074	0,024776		24938	0,018965		7044	0,026802		6906	0,024790		19725086	0,019623		192	0,140591		93970	0,117161		15347766	14,176186		6276	0,113620		35482	1,610999		52918	2,898786		71502	5,090440		99290	9,412187		127904	15,171911		169558	24,632063		171000	24,103413		164484	23,709543		165168	23,460238		166252	23,915907		50384	1,023515		
