2744	0,016695		17016	0,022480		6614	0,029745		6646	0,019875		23246770	0,021931		192	0,099312		94180	0,084247		15225233	2,648238		6256	0,119949		34754	1,158920		50100	1,778642		69748	2,000389		96384	2,281656		122706	2,736550		162956	2,909351		165564	2,815637		159678	2,817365		160182	2,792664		160866	2,801942		48970	1,045785		
2846	0,020533		17734	0,033154		6444	0,034515		6618	0,022517		19278506	0,032589		188	0,086114		93300	0,093060		15258154	2,603947		6200	0,124583		34974	1,243509		50670	1,920509		69836	2,043498		97232	2,438954		124174	2,712725		164274	2,968338		166806	3,155234		159926	2,936687		160282	3,075479		160596	2,897745		49044	1,210634		
2886	0,015478		19954	0,025219		6550	0,027896		6390	0,018018		17937024	0,017000		168	0,097894		95070	0,087137		15235747	2,568066		6232	0,115068		34678	1,263879		50116	1,928090		70302	2,001800		95902	2,274521		122676	2,509883		163434	2,829020		166834	2,808849		159488	2,783906		160898	2,805750		161572	2,808809		49438	1,101597		
2700	0,023784		18094	0,024867		6686	0,029246		6656	0,022761		20265368	0,023322		192	0,099443		93510	0,084943		15236185	2,568668		6200	0,108951		34760	1,220311		50678	1,980247		69730	2,019023		96892	2,311124		123518	2,531773		163170	2,795058		165648	2,813477		159444	2,799112		161204	2,802935		162582	2,799037		49158	1,054535		
3036	0,021236		14810	0,034020		6464	0,030154		6500	0,022024		17997928	0,023777		168	0,096753		92740	0,082272		15256993	2,539472		6186	0,112952		34908	1,472215		50670	1,790753		70420	2,018392		96342	2,270524		123486	2,524430		164230	2,805646		166080	2,812279		160572	2,812579		160730	2,805464		161228	2,818865		49076	1,188450		
2794	0,021180		16928	0,021280		6592	0,035709		6828	0,018254		19278506	0,020539		184	0,086706		92290	0,091723		15172163	2,571373		6214	0,127938		35366	1,348738		50862	1,769731		68532	2,017711		97410	2,260484		124344	2,508524		162678	2,805661		166224	2,809565		158590	2,802320		161070	2,796592		162264	2,793301		49458	1,155597		
2752	0,017098		17122	0,033789		6430	0,030948		6682	0,021004		20265368	0,025007		184	0,090639		93870	0,092485		15221076	2,596398		6124	0,131573		34976	1,451382		50606	1,768299		69886	2,010185		97344	2,298587		124090	2,510931		163432	2,820308		165374	2,999675		160128	2,832067		161938	2,802233		161012	2,812997		49048	1,091210		
2884	0,014807		18452	0,024045		6560	0,034706		6492	0,022238		17937024	0,026187		168	0,102427		93240	0,093951		15251794	2,562264		6130	0,116382		34722	1,331428		50592	1,778779		68810	2,015798		96682	2,275286		123096	2,596022		163518	2,848619		165254	2,833360		161226	2,999312		160886	2,946540		161482	2,822260		49714	1,105483		
2744	0,023383		17844	0,030641		6464	0,028492		6546	0,023514		17937024	0,032029		168	0,100999		92820	0,077730		15264150	2,544623		6202	0,123922		34758	1,251480		49660	1,769339		69716	2,092136		96884	2,487618		122624	2,511384		163720	2,980427		165478	2,849558		159330	2,804508		160430	2,813385		162292	2,965412		49188	1,119448		
2552	0,017279		17734	0,023593		6636	0,033174		6496	0,024856		17937024	0,027094		192	0,127145		92050	0,095211		15215671	2,550478		6218	0,134011		34696	1,589557		50736	1,778132		70172	2,186251		97760	2,274015		124414	2,706995		164442	2,828570		165574	2,824161		161464	2,824909		160418	2,818403		161390	2,818590		49054	1,102666		
2658	0,027694		22326	0,023268		6374	0,028606		6558	0,023027		20265368	0,024719		168	0,092181		94050	0,099012		15173442	2,569122		6256	0,141275		34660	1,247273		50110	1,792897		70414	2,014463		97418	2,267227		124292	2,530411		163608	2,807374		165542	2,811859		160074	2,813079		160858	2,806421		159938	2,792730		49058	1,062276		
2724	0,024689		16292	0,023052		6548	0,030188		6596	0,023063		17997928	0,025605		192	0,113544		95160	0,081499		15233535	2,541757		6242	0,119683		34652	1,353740		50448	1,777963		69866	2,235120		97210	2,265940		123028	2,717973		162722	2,795474		166106	2,816054		158422	2,802282		159652	2,817662		162280	2,803530		49244	1,155735		
2782	0,021220		17734	0,032632		6446	0,029355		6584	0,022204		22989998	0,023506		192	0,086454		92490	0,091885		15226933	2,572464		6158	0,111118		35036	1,111309		50366	1,769793		70120	2,010430		95946	2,482564		122912	2,521591		163542	2,974390		164720	2,810277		159240	2,815505		162086	2,806097		161076	2,967501		49242	1,153460		
2656	0,021031		18656	0,024012		6384	0,029565		6544	0,022459		17937024	0,020494		192	0,091353		94280	0,072674		15213327	2,551583		6310	0,136577		35034	1,330621		50424	1,770670		70270	2,016549		97234	2,282341		124028	2,539781		162100	2,970076		165170	2,834964		161096	2,849026		161148	2,833793		161320	2,826231		49072	1,190917		
2474	0,026523		14142	0,028815		6382	0,034486		6468	0,018785		20265368	0,022199		168	0,075910		92840	0,086163		15225749	2,573216		6190	0,134089		35012	1,348701		50204	1,809754		70118	2,021625		96920	2,308053		123618	2,518156		162128	2,814889		165360	2,787053		160616	2,801511		160566	2,825490		161612	2,825467		49362	1,120261		
2694	0,024822		16664	0,027345		6562	0,030263		6514	0,021905		20265368	0,017698		192	0,083554		94570	0,084087		15209709	2,546486		6174	0,118365		34914	1,194044		49732	1,779517		69730	2,009021		97018	2,272334		123318	2,531946		164016	2,800191		167236	2,970350		160474	2,796100		159418	2,814498		161434	2,799372		49526	1,012209		
2726	0,017827		17376	0,026569		6780	0,030890		6602	0,018822		20265368	0,027853		184	0,100287		93770	0,074515		15254588	2,537122		6178	0,088982		34712	1,364963		50804	1,787087		68536	2,009831		97392	2,260217		123310	2,511165		164422	2,794878		164888	2,812629		159192	2,795580		161588	2,829462		161154	2,791837		49052	0,923629		
2838	0,021371		17128	0,023871		6422	0,024706		6446	0,019221		17937024	0,017559		168	0,075757		94270	0,105519		15146737	2,568345		6216	0,136644		34794	1,169975		50602	1,769051		69282	2,008041		96388	2,255476		123524	2,521269		163208	2,804782		165646	2,816092		159062	2,803907		159428	2,799443		161998	2,786687		49148	1,262690		
2806	0,022154		14810	0,023262		6566	0,029061		6608	0,019976		19687460	0,036048		192	0,094061		92190	0,096848		15221068	2,528943		6278	0,126210		35076	1,291271		51000	1,783670		70002	2,176276		96496	2,276802		123382	2,720994		163784	2,835141		166058	2,806269		159732	2,811481		162070	2,806028		160812	2,808427		49030	1,044323		
2926	0,016314		16220	0,023611		6280	0,029951		6708	0,024456		20265368	0,027296		184	0,105393		92740	0,096988		15223877	2,554080		6208	0,112622		34822	1,278120		50758	1,771993		70052	1,999161		96866	2,262893		124448	2,524326		164548	2,802710		164268	2,807396		158830	2,808230		161146	2,805299		160046	2,801581		49000	1,168273		
